time,x,y,z,phi,theta,psi,x_velocity,y_velocity,z_velocity,phi_velocity,theta_velocity,psi_velocity,rotor_speed1,rotor_speed2,rotor_speed3,rotor_speed4
0.06,-6.94165500133e-07,3.06573833267e-07,10.0018404916,0.000301907621658,0.000576585223228,0.0,-5.55274122666e-05,2.62297520944e-05,0.0613478123812,0.0135628900361,0.0240211027722,0.0,423.5787904428576,425.6390873534369,423.7266440839498,424.8907301727172
0.12000000000000001,-2.4011909681e-05,1.25520860531e-05,10.011674439,0.000884251717165,0.0018563014663,0.0,-0.000882414681327,0.000465667569005,0.266424108836,0.000588522930263,0.0153120843616,0.0,469.6550338912671,468.9791676355898,469.32553910991305,468.3175167261946
0.18,-0.000125490041655,6.23556448886e-05,10.0338883212,0.00135020590187,0.00289832419898,0.0,-0.00261602343228,0.00122736375294,0.473974757773,0.0192263620467,0.0211889300635,0.0,469.52154077511926,469.977094131203,469.3071531174987,470.7512402715263
0.23999999999999996,-0.000352706512621,0.000171241943983,10.0670869098,0.00203112340613,0.00417297513514,0.0,-0.00509852539979,0.0025132462006,0.632569311424,-0.0131335838191,0.0213544479879,0.0,455.8322011752593,455.845412303621,456.19965495671346,453.6087683160413
0.3,-0.000749250999766,0.000361943935258,10.1079542626,0.00204749687503,0.00523603615613,0.0,-0.00823967640837,0.00381273984688,0.729617856324,0.0186620341545,0.00921702456227,0.0,437.08391740212784,436.0712939134824,434.8821630191157,437.53697077641243
0.36000000000000004,-0.00137306070378,0.00064542402653,10.1582610736,0.00270214386147,0.00603964824975,0.0,-0.0126354471774,0.00575208078732,0.94712016622,-0.0128863430823,0.0206559901353,0.0,472.5325682373966,473.41331696918934,474.8171504240702,472.39092603510517
0.4200000000000001,-0.00224588727044,0.00103731889873,10.2157377685,0.00167414604126,0.00701823499581,0.0,-0.016560588052,0.00723119670292,0.968750941939,-0.0273761442114,0.00577168960633,0.0,412.9887103837525,411.67388245892084,412.7418456032772,411.4612316655683
0.48000000000000015,-0.00340618708166,0.00150433125531,10.2797494898,0.000632485925533,0.00709052380591,0.0,-0.0221415578766,0.00818564201857,1.16479387108,-0.00249208818597,-0.0100035046605,0.0,468.4797094195537,467.2516387598958,465.844440763026,467.78598435125355
0.5400000000000001,-0.00491439578218,0.00201096344642,10.3575914488,0.00048849216623,0.00708284262485,0.0,-0.028097980655,0.00868337034223,1.42964550482,-0.00221613194962,0.0145854652173,0.0,486.7406669475632,488.5772082472677,487.8268238425415,487.8474774345675
0.6000000000000002,-0.00678236381002,0.00254349362543,10.4508085674,0.000135402981281,0.00816854939583,0.0,-0.0342876333181,0.0090389419393,1.6772612056,-0.014474837915,0.024323733146,0.0,483.5788939989206,484.3117371052376,483.38829599170333,482.46381592846393
0.6600000000000003,-0.00899388069886,0.0030855338972,10.5519617805,6.28264809704,0.0103452698222,0.0,-0.039598812906,0.00896052714694,1.6944854967,-0.00537163439425,0.0532241334644,0.0,410.5792514948891,413.1358170173177,413.04731431924915,413.8494000798912
0.7200000000000003,-0.0116253499788,0.00360910858002,10.6593457554,6.28212764078,0.0133578580019,0.0,-0.0484724382299,0.00844468659354,1.88468214698,-0.0162693210314,0.0433750686612,0.0,468.01163376462273,467.2459225696631,467.5878966011622,466.7383391246316
0.7800000000000004,-0.0148475036125,0.00408813514533,10.7774324756,6.28149287892,0.0160718403146,0.0,-0.0592263256417,0.00743527184931,2.05125338419,-0.00111362708894,0.0487106477745,0.0,460.83176687678673,461.2544021108901,460.2468658775849,461.44485451466016
0.8400000000000004,-0.018862740437,0.00448722530111,10.9106362458,6.28167767323,0.0186202702347,0.0,-0.0749852856188,0.00587841319778,2.38822488986,0.0103688359214,0.0255241505233,0.0,510.52402508494873,508.86773267569066,510.6482612076467,511.4665988715573
0.9000000000000005,-0.0237791337234,0.00480910926921,11.0583410743,6.28215519864,0.0197724065214,0.0,-0.0890398263395,0.00491191842142,2.53495233465,0.00264077892026,0.00191428924594,0.0,457.82827240813793,455.9459264084557,457.24377575400695,456.62760483335455
0.9600000000000005,-0.0295876581569,0.00508069294588,11.2163261838,6.28265816236,0.0198140241077,0.0,-0.10457822558,0.00418197558948,2.7307706233,0.0179211640969,-0.00186708159936,0.0,471.6749182737663,471.38279197962675,472.4638424874624,473.6403549261468
1.0200000000000005,-0.0362399604109,0.0053255362371,11.3815860941,0.000749257754999,0.0196297190321,0.0,-0.117149355312,0.00409089404393,2.77777961907,0.0272517041771,-0.00559719398187,0.0,427.24378809885627,426.9257012612549,426.7579198973741,427.5536245727859
1.0800000000000005,-0.0436982053113,0.00559393950997,11.5525071726,0.0021684791431,0.019554125669,0.0,-0.131431277379,0.00502190885667,2.91923890192,0.0152602737816,0.00624638469884,0.0,456.35312818265237,457.2975437326001,457.9446415225502,456.98985034851864
1.1400000000000006,-0.052006388194,0.00594542972838,11.7315034931,0.00291990041266,0.0200469288943,0.0,-0.145548238465,0.00678276537835,3.04697157413,0.00639577891103,0.0118827364036,0.0,452.81676599183265,453.26983940263847,454.6735434505822,453.9626765365353
1.2000000000000006,-0.0611696093382,0.00641600789401,11.9179508682,0.00322110953589,0.0211202338137,0.0,-0.159982178405,0.00893831982184,3.16761142543,0.00211612778852,0.0277903728585,0.0,451.6803912174418,452.9614318751457,452.25010083829983,451.9051701494348
1.2600000000000007,-0.0711382044107,0.00700849699854,12.1075709372,0.00368718285778,0.0230298540031,0.0,-0.172458419458,0.0108382628488,3.1530930999,0.0171805208503,0.0388749418261,0.0,408.8944262037344,409.8812070315124,408.21680864406136,409.5588212180166
1.3200000000000007,-0.0820397369894,0.00775017225988,12.3026869291,0.00457005965594,0.0254581571557,0.0,-0.191190236794,0.0139939696583,3.35020803055,0.00926020521728,0.0434871930942,0.0,475.7919302692685,476.145645927335,475.95489861748825,475.3482135512517
1.3800000000000008,-0.0939655791819,0.0086717765393,12.5035396607,0.00535540315234,0.0279054756821,0.0,-0.206557510478,0.016784950797,3.34489053727,0.019817739421,0.0347581630866,0.0,414.2744654952509,413.5071771059612,412.5879477336584,413.51895473989055
1.4400000000000008,-0.106928588352,0.00979092806839,12.7066834349,0.00622588274598,0.0296357503532,0.0,-0.225729595682,0.0206238574166,3.42631949235,0.000909507170062,0.0130853619671,0.0,442.6852365815996,440.89843163594696,442.5403460160512,440.981068468961
1.5000000000000009,-0.121125673218,0.0111655752814,12.9165053126,0.00677632490113,0.0299346682864,0.0,-0.247563394045,0.0252316693666,3.56730920898,0.021997557526,-0.0207869217612,0.0,462.91807793817725,460.2448712963603,459.03202973708034,460.7024159905285
1.560000000000001,-0.136468151272,0.0127950859055,13.1292974769,0.00851176221467,0.0289166844403,0.0,-0.263766529624,0.0292123456962,3.52589253981,0.0400569477287,-0.0102508860588,0.0,401.5848817106596,402.5395443141264,402.4302236844906,404.06203283840006
1.620000000000001,-0.152851848711,0.0147211288167,13.3425112954,0.0111908126978,0.0283014747158,0.0,-0.282294374183,0.0352310837046,3.58106124161,0.0525379782032,-0.0102587146458,0.0,434.06135255886886,434.0608174052307,434.6034484277246,435.6495221959749
1.680000000000001,-0.170317707923,0.0170548535457,13.5583836768,0.0144228869584,0.0281292706017,0.0,-0.299865760666,0.0428527495565,3.61457501102,0.0564023118643,0.00886139600122,0.0,427.1109742168648,428.73869943614733,427.830240806097,428.161193552121
1.740000000000001,-0.188860210697,0.01991887421,13.7770415515,0.0180718305309,0.0285285545451,0.0,-0.318258549301,0.0529502563224,3.6738231183,0.0684328557048,0.00182914042082,0.0,437.043512211227,436.45685974427255,435.7884493406367,436.79562989787223
1.8000000000000012,-0.208634855123,0.0235426948244,14.003526659,0.0217020775794,0.0285385851729,0.0,-0.340886059069,0.0682938787092,3.87500826597,0.0357593558875,-0.00338349536409,0.0,480.7195954714757,480.3244254426032,481.1176552527352,478.639462163524
1.8600000000000012,-0.229705295418,0.0281173976005,14.2399398636,0.0241300396424,0.0282830203755,0.0,-0.361426477881,0.0844310336426,4.0049775844,0.0485201799783,-0.00607156739578,0.0,461.83927923744534,461.6272810796011,458.54470144777395,459.55813981928833
1.9200000000000013,-0.251910592939,0.0336351646643,14.4808985995,0.0267571844974,0.0279130753256,0.0,-0.378716492771,0.0997450793189,4.02689513612,0.0320631447567,-0.0063547929899,0.0,427.48330656296207,427.4592705009442,427.875970485991,426.4736249979345
1.9800000000000013,-0.275168258317,0.0401391835516,14.723937248,0.0298971537219,0.0276296386714,0.0,-0.396505059198,0.117304870281,4.07421614814,0.0764467007828,-0.00164680101512,0.0,435.67417465166363,436.0677499525318,433.7493840762934,437.46271060180385
2.0400000000000014,-0.299540405723,0.0478208886188,14.9716555414,0.0343014613883,0.0278603123743,0.0,-0.415899434414,0.139204622989,4.18265020596,0.0665014391862,0.0130322809708,0.0,454.2227820498509,455.39850161458446,456.2060249749204,455.415187797375
2.1000000000000014,-0.325047065362,0.0568586746817,15.2245092104,0.0378425087036,0.0293798007425,0.0,-0.43443538371,0.162416955019,4.24555075148,0.0366137033811,0.0426149063188,0.0,441.11072638200795,443.5472529030703,442.85233035160036,440.3891152951056
2.1600000000000015,-0.351665458381,0.0673059142538,15.47993653,0.0397896988689,0.0317161148914,0.0,-0.453065424091,0.186009693604,4.26858485302,0.0224659257376,0.0303303773156,0.0,430.7761585092983,429.7368004098203,429.7903660846106,428.5899007897786
2.2200000000000015,-0.379528540716,0.0793082875181,15.7394093404,0.0409502620943,0.0340469264562,0.0,-0.475910734529,0.214182630265,4.38006565209,0.0122224012943,0.0519730087818,0.0,456.516673341507,458.24115599357134,458.7310270737628,457.91676736753533
2.2800000000000016,-0.408857929947,0.0930729421499,16.0067762911,0.0411852082174,0.0372380544352,0.0,-0.502061573001,0.244678040953,4.53154974466,-0.0230898440509,0.0555055076871,0.0,471.1094659670059,471.38422519144666,471.76935882554176,469.0346223467849
2.3400000000000016,-0.439821764353,0.108656507764,16.2830514763,0.040178649888,0.040768487503,0.0,-0.530418260375,0.274620781376,4.67701555707,-0.00645489267469,0.0647897046429,0.0,469.3517626387672,470.07403013647684,470.1822372139974,471.4694429357492
2.4000000000000017,-0.472228606649,0.125690572911,16.5598991813,0.039760815507,0.0449145712327,0.0,-0.55010831407,0.293172271199,4.55172827121,-0.00800190101087,0.0765651288515,0.0,381.926346365695,383.0523974704246,382.8607473656034,382.71360765659193
2.4600000000000017,-0.506338645451,0.144231641186,16.8393131767,0.039154623204,0.0496757766831,0.0,-0.587407310411,0.324762880593,4.76117943221,-0.0146771832358,0.0844135337142,0.0,488.66206778916217,489.25121706488983,489.77176344455887,489.2751253012643
2.520000000000002,-0.542552054139,0.164458394063,17.1263420801,0.0382217774564,0.0546692290361,0.0,-0.620169023651,0.349366553011,4.80622268457,-0.0173472507345,0.0807343365148,0.0,441.8476313678172,441.54985653697264,441.45628690853755,441.23597904312106
2.580000000000002,-0.580760498137,0.186098216529,17.4148979852,0.0374311295885,0.0595672656337,0.0,-0.653874081944,0.371876700717,4.81224237924,-0.00592528844734,0.0833739732721,0.0,428.84895388405465,429.0787936459058,429.4385425273806,430.4065447814969
2.640000000000002,-0.621041041298,0.209052336694,17.7031747659,0.0371887697188,0.064707765568,0.0,-0.689246421997,0.393234242378,4.79700213034,-0.000511466733001,0.0899173219809,0.0,421.8500202590108,422.42118837917127,422.81351630601813,423.2798203456558
2.700000000000002,-0.663845035912,0.233459752353,17.9952542992,0.0371170836854,0.0703078032899,0.0,-0.738108919202,0.420313939954,4.93831345331,-0.00259776159098,0.099411452661,0.0,470.7538191526186,471.4947668010062,472.3796099226222,472.21870942693636
2.760000000000002,-0.709601810615,0.259434910674,18.2943437546,0.0366685790441,0.0765507571995,0.0,-0.787704852423,0.445476594486,5.03085656544,-0.0196543540872,0.111997724742,0.0,458.70020155019535,459.7077264005972,458.17690352750424,456.81874653912485
2.820000000000002,-0.758354186618,0.286855354791,18.5975569162,0.0363424968268,0.0830095122676,0.0,-0.837978686147,0.468463315351,5.07596911427,0.013721845493,0.0971017672207,0.0,446.12532789115846,444.91726425187125,442.2884049532879,445.02920880230243
2.880000000000002,-0.810310154442,0.315682801957,18.9042599741,0.0371105832873,0.0887979087706,0.0,-0.89442773604,0.492512569786,5.14705792187,0.0108940288469,0.0951867054884,0.0,452.77154465473575,452.6251817338681,454.0605433057,453.83347045901434
2.940000000000002,-0.865397010197,0.345813618678,19.2110998048,0.0377154878205,0.0947546940371,0.0,-0.942281496756,0.511902691936,5.08115477104,0.00840556608249,0.106410193823,0.0,408.7411320190147,409.74965899073453,409.91584155611764,409.6944919551724
3.000000000000002,-0.924229363732,0.37742225413,19.5220418393,0.038908056608,0.102093752091,0.0,-1.01952288063,0.541783218949,5.28252663572,0.0363219030995,0.142970434413,0.0,491.54715871250096,494.2606024650964,491.1555583391391,493.22184508542944
3.0600000000000023,-0.987236632679,0.410615303887,19.8388746003,0.0418107853796,0.110899313692,0.0,-1.08147202705,0.56487194002,5.27843714342,0.0654271615333,0.153418984692,0.0,431.5472598225252,432.4492235981482,430.9717756431108,433.42664537366215
3.1200000000000023,-1.05409696406,0.445240523988,20.1552522377,0.0458907154886,0.120776758253,0.0,-1.14802895336,0.589639553348,5.26735687868,0.0726990286618,0.180773777417,0.0,428.5593400415676,430.9047275023034,430.2049766995784,430.82399966932076
3.1800000000000024,-1.1255517576,0.481583358768,20.4743737018,0.0505105959757,0.132202798365,0.0,-1.23487401871,0.622214636171,5.36929105905,0.0844421982233,0.204884522854,0.0,464.05074839282867,465.972735843484,466.70880726986303,467.62893937356847
3.2400000000000024,-1.20185582333,0.51974768985,20.795115886,0.0556380439136,0.144842804284,0.0,-1.30961735606,0.650337687039,5.32208355029,0.0874131179498,0.220246416431,0.0,418.9526893739893,420.3327375922985,420.2853728821891,420.5492943919179
3.3000000000000025,-1.28368937019,0.56000164055,21.1186213014,0.0602843127712,0.158136340306,0.0,-1.4194815593,0.691963836561,5.46039633817,0.0307612206804,0.224058121063,0.0,478.3907753114349,478.72573140361527,481.0903737816475,476.78434449108323
3.3600000000000025,-1.37187908894,0.602639018261,21.4471210458,0.0617562428188,0.172046158527,0.0,-1.52139107447,0.729404975459,5.48910933449,0.00760882667776,0.244025906699,0.0,446.2885385833635,447.9682123870618,448.2070577997797,446.3211849673929
3.4200000000000026,-1.46607369099,0.647411476743,21.7751943171,0.062173531359,0.186746114639,0.0,-1.61963458223,0.763031309868,5.446519905,0.00561355850722,0.246874397721,0.0,424.5096633208234,424.8171721796136,425.3558105271908,425.1847629256713
3.4800000000000026,-1.56701766778,0.694402633064,22.1038541141,0.0624277245239,0.20155807438,0.0,-1.74650861426,0.803316447519,5.50805632706,0.00132942487335,0.246849221639,0.0,459.86582355055504,459.9226147930338,458.34541240251366,458.00466849511463
3.5400000000000027,-1.67594963667,0.743835544539,22.4365556978,0.0624576343382,0.216575008971,0.0,-1.88591349876,0.844391788286,5.58113098452,-0.00121757546412,0.256378067914,0.0,464.1130392196473,464.92013653127754,464.02448521750534,463.8244517418046
3.6000000000000028,-1.79285793526,0.795534504665,22.770488045,0.062490516684,0.231902940457,0.0,-2.01229869108,0.878877068081,5.54961281814,0.00386433886212,0.25357924121,0.0,432.2721797977048,432.10381512338074,432.6486465843877,433.0763856971169
3.660000000000003,-1.91920407864,0.849716055187,23.1091346709,0.0623601171013,0.246740107096,0.0,-2.20069294998,0.927074654577,5.73696657459,-0.0183688761667,0.230163225735,0.0,501.82846306703135,500.17869217965847,501.91818046190895,500.3017856694706
3.720000000000003,-2.05603543362,0.906490389392,23.4543841289,0.0614246916237,0.260069888743,0.0,-2.36151798483,0.965252091697,5.77058445586,-0.0105439916258,0.197086187041,0.0,458.6333039773308,456.04430474432274,458.01745700297045,458.6395864531977
3.780000000000003,-2.20191288792,0.965339268001,23.7984252696,0.0605260756391,0.272552681591,0.0,-2.50205442465,0.996301626026,5.69731597184,-0.0257757072834,0.223930739023,0.0,422.9169245051888,425.26726335625307,424.9615844607104,423.65369589974557
3.840000000000003,-2.35643908857,1.02603227855,24.1380671242,0.0589891184994,0.28567897995,0.0,-2.64988919787,1.02665700968,5.62387952448,-0.0252983845654,0.205709013886,0.0,424.3980620381234,422.8803962083027,425.40804755901536,425.44877623179735
3.900000000000003,-2.52095090688,1.088697333,24.4763104762,0.0575794208232,0.298140188905,0.0,-2.83486192988,1.06198481418,5.65008302102,-0.0201126104258,0.211368845421,0.0,457.6566794347282,458.1480195025166,458.126901628979,458.5390948282559
3.960000000000003,-2.69560833115,1.1532299599,24.8122168825,0.0561277259797,0.310906388957,0.0,-2.9880709622,1.08899067495,5.54670567639,-0.0339551092532,0.21542997628,0.0,416.00750083675047,416.41101589503205,417.11044476315817,415.8993485433628
4.020000000000002,-2.87948652654,1.21932492197,25.141345775,0.0541491284253,0.324164946275,0.0,-3.14224429175,1.11402042138,5.42422821671,-0.0310885285581,0.230225229589,0.0,409.4281239421437,410.7951508339223,409.35378765454107,409.60833621612187
4.080000000000001,-3.07502269524,1.28723931737,25.4695770712,0.0525634135794,0.337753728972,0.0,-3.37674342615,1.14953058586,5.51540074121,-0.0184425423133,0.217696644122,0.0,482.08323145107937,481.1818994660318,480.2314868698422,481.18982957115253
4.14,-3.28521448299,1.3572909239,25.8040271667,0.0513564809359,0.350967387475,0.0,-3.63067796199,1.18530379002,5.63129481231,-0.0236908072398,0.224853866095,0.0,491.66781018784815,492.2406927512784,491.62577929912294,491.23674897004076
4.199999999999998,-3.50908574228,1.4291978741,26.1403165802,0.0496612333142,0.364654585463,0.0,-3.83276046664,1.2114259382,5.57770913185,-0.0394481543536,0.23395078432,0.0,441.00492293966306,441.80782303613665,440.76979681766034,439.46502926749133
4.259999999999997,-3.74506181844,1.50260216087,26.4726406132,0.047192340254,0.37860301401,0.0,-4.03419678029,1.23515805915,5.49920780075,-0.0447846870313,0.229349505282,0.0,434.1729850240939,433.8418961090866,433.65356274380696,433.20400052096034
4.319999999999996,-3.99377365608,1.57743404121,26.8012156468,0.0451865476785,0.392206783558,0.0,-4.25724560155,1.2590009685,5.45247533245,-0.0171077890361,0.220906241165,0.0,446.54640588753284,445.9077215755728,444.6127189085327,446.87446370903655
4.379999999999995,-4.25598896807,1.65364875981,27.1266069477,0.0448023404598,0.405888981472,0.0,-4.48428707781,1.28139058896,5.39309081978,0.00922645622611,0.239417880663,0.0,442.48849412044444,444.06149523278395,442.8016406618643,444.96334651825674
4.439999999999993,-4.53314754281,1.73130991939,27.4508257565,0.0451443602662,0.42007700986,0.0,-4.75535065464,1.30728030412,5.41272500005,-0.00249780254511,0.229809131938,0.0,472.34530713042545,471.65564838888315,472.44657370333863,471.5414418846415
4.499999999999992,-4.82669818113,1.81050597978,27.7757615683,0.0453887252466,0.433493316499,0.0,-5.0306169442,1.3325193295,5.41703451628,0.0147387641007,0.206822872002,0.0,470.3897152519489,468.6519832321244,470.2880853364156,471.6215545889334
4.559999999999991,-5.13627553074,1.89114290736,28.099226865,0.0459558644306,0.445951685798,0.0,-5.28951158173,1.3553804216,5.36407682313,-0.00406840002839,0.20922194704,0.0,453.0836470296963,453.31801165775994,455.95549506333674,454.4499896523182
4.6199999999999894,-5.46222896964,1.97320880117,28.4206741778,0.046011870263,0.457961111919,0.0,-5.57642047395,1.38006588379,5.34941422436,0.00942134439814,0.167718327478,0.0,471.71298330100433,468.5314132162292,468.62013339344634,469.6678129787323
4.679999999999988,-5.80482663122,2.05667670421,28.7395057452,0.0463364455365,0.467570882728,0.0,-5.84421314488,1.40217783833,5.27734070208,-0.00414901607259,0.137437028697,0.0,454.31459071891896,451.9025869960188,453.8548762624982,452.7640127215972
4.739999999999987,-6.16263076899,2.14137205238,29.0518571746,0.0462358713919,0.475526856543,0.0,-6.08333696648,1.42095709516,5.13394669245,0.00286026180719,0.120564458886,0.0,429.9270366090953,428.5113096887483,430.3345742988318,430.9277045096259
4.799999999999986,-6.53697172302,2.22737021147,29.3594662523,0.0465401725376,0.482784786321,0.0,-6.39510131121,1.44559446863,5.11833474268,0.00916365573583,0.121754982676,0.0,476.89834611311403,477.0014090187883,474.2000644192164,474.68406990052034
4.859999999999984,-6.92987873254,2.31481795415,29.6654381846,0.0470115512362,0.490695733001,0.0,-6.70227140226,1.46930047599,5.07943560166,0.00510422055307,0.146794722733,0.0,469.1499637392213,471.10520496114793,471.9745918971669,471.6609752670724
4.919999999999983,-7.33934117082,2.40350690604,29.9651252302,0.0475582657214,0.49930851765,0.0,-6.94730663588,1.4869915159,4.9096678214,0.0161167508843,0.136106198766,0.0,428.02125338712403,427.1303820138121,427.1126867438689,428.05107986002656
4.979999999999982,-7.76626286648,2.49348448921,30.2592572518,0.0483485761666,0.506937172149,0.0,-7.28382641941,1.51224667979,4.89308377126,0.00651361491293,0.0955206382747,0.0,483.42312407265126,480.36681163112576,484.111829170609,483.3883752531459
5.0399999999999805,-8.21149455092,2.58480139696,30.5485656166,0.0487400945805,0.512476893967,0.0,-7.55786418578,1.53163283098,4.74989438836,0.00654868148082,0.0850333717602,0.0,441.9924262877301,441.1341869450905,443.09960834149217,443.10238579294366
